empty
 [[417. 457.]
 [452. 512.]
 [479. 495.]
 [445. 440.]]
empty
 [[514. 397.]
 [549. 452.]
 [576. 435.]
 [542. 380.]]
occupied
 [[816. 207.]
 [851. 262.]
 [878. 245.]
 [844. 190.]]
occupied
 [[780. 229.]
 [815. 284.]
 [842. 267.]
 [808. 212.]]
empty
 [[613. 334.]
 [648. 389.]
 [675. 372.]
 [641. 317.]]
occupied
 [[349. 501.]
 [384. 556.]
 [411. 539.]
 [377. 484.]]
occupied
 [[746. 250.]
 [781. 305.]
 [808. 288.]
 [774. 233.]]
empty
 [[648. 312.]
 [683. 367.]
 [710. 350.]
 [676. 295.]]
occupied
 [[383. 478.]
 [418. 533.]
 [445. 516.]
 [411. 461.]]
empty
 [[321. 519.]
 [356. 574.]
 [383. 557.]
 [349. 502.]]
empty
 [[481. 418.]
 [516. 473.]
 [543. 456.]
 [509. 401.]]
occupied
 [[546. 376.]
 [581. 431.]
 [608. 414.]
 [574. 359.]]
empty
 [[581. 355.]
 [616. 410.]
 [643. 393.]
 [609. 338.]]
empty
 [[449. 438.]
 [484. 493.]
 [511. 476.]
 [477. 421.]]
empty
 [[852. 184.]
 [887. 239.]
 [914. 222.]
 [880. 167.]]
empty
 [[716. 270.]
 [751. 325.]
 [778. 308.]
 [744. 253.]]
empty
 [[675. 285.]
 [710. 340.]
 [737. 323.]
 [703. 268.]]
occupied
 [[795. 325.]
 [830. 380.]
 [857. 363.]
 [823. 308.]]
empty
 [[762. 346.]
 [797. 401.]
 [824. 384.]
 [790. 329.]]
empty
 [[627. 432.]
 [662. 487.]
 [689. 470.]
 [655. 415.]]
empty
 [[860. 284.]
 [895. 339.]
 [922. 322.]
 [888. 267.]]
empty
 [[898. 260.]
 [933. 315.]
 [960. 298.]
 [926. 243.]]
occupied
 [[562. 472.]
 [597. 527.]
 [624. 510.]
 [590. 455.]]
occupied
 [[697. 387.]
 [732. 442.]
 [759. 425.]
 [725. 370.]]
empty
 [[397. 576.]
 [432. 631.]
 [459. 614.]
 [425. 559.]]
empty
 [[595. 452.]
 [630. 507.]
 [657. 490.]
 [623. 435.]]
empty
 [[727. 366.]
 [762. 421.]
 [789. 404.]
 [755. 349.]]
occupied
 [[659. 410.]
 [694. 465.]
 [721. 448.]
 [687. 393.]]
empty
 [[528. 492.]
 [563. 547.]
 [590. 530.]
 [556. 475.]]
empty
 [[497. 513.]
 [532. 568.]
 [559. 551.]
 [525. 496.]]
occupied
 [[435. 558.]
 [470. 613.]
 [497. 596.]
 [463. 541.]]
empty
 [[466. 533.]
 [501. 588.]
 [528. 571.]
 [494. 516.]]
empty
 [[827. 304.]
 [862. 359.]
 [889. 342.]
 [855. 287.]]
empty
 [[370. 593.]
 [405. 648.]
 [432. 631.]
 [398. 576.]]
occupied
 [[936. 403.]
 [971. 458.]
 [998. 441.]
 [964. 386.]]
empty
 [[ 974.  378.]
 [1009.  433.]
 [1036.  416.]
 [1002.  361.]]
occupied
 [[505. 669.]
 [540. 724.]
 [567. 707.]
 [533. 652.]]
empty
 [[802. 486.]
 [837. 541.]
 [864. 524.]
 [830. 469.]]
empty
 [[773. 505.]
 [808. 560.]
 [835. 543.]
 [801. 488.]]
empty
 [[669. 569.]
 [704. 624.]
 [731. 607.]
 [697. 552.]]
empty
 [[904. 422.]
 [939. 477.]
 [966. 460.]
 [932. 405.]]
occupied
 [[637. 589.]
 [672. 644.]
 [699. 627.]
 [665. 572.]]
empty
 [[572. 631.]
 [607. 686.]
 [634. 669.]
 [600. 614.]]
occupied
 [[734. 528.]
 [769. 583.]
 [796. 566.]
 [762. 511.]]
empty
 [[539. 652.]
 [574. 707.]
 [601. 690.]
 [567. 635.]]
empty
 [[603. 611.]
 [638. 666.]
 [665. 649.]
 [631. 594.]]
empty
 [[703. 548.]
 [738. 603.]
 [765. 586.]
 [731. 531.]]
occupied
 [[869. 445.]
 [904. 500.]
 [931. 483.]
 [897. 428.]]
empty
 [[836. 465.]
 [871. 520.]
 [898. 503.]
 [864. 448.]]
occupied
 [[ 949.  497.]
 [ 984.  552.]
 [1011.  535.]
 [ 977.  480.]]
empty
 [[783. 602.]
 [818. 657.]
 [845. 640.]
 [811. 585.]]
empty
 [[748. 623.]
 [783. 678.]
 [810. 661.]
 [776. 606.]]
occupied
 [[819. 579.]
 [854. 634.]
 [881. 617.]
 [847. 562.]]
empty
 [[850. 560.]
 [885. 615.]
 [912. 598.]
 [878. 543.]]
empty
 [[1022.  453.]
 [1057.  508.]
 [1084.  491.]
 [1050.  436.]]
empty
 [[684. 665.]
 [719. 720.]
 [746. 703.]
 [712. 648.]]
empty
 [[ 989.  484.]
 [1024.  539.]
 [1051.  522.]
 [1017.  467.]]
occupied
 [[884. 537.]
 [919. 592.]
 [946. 575.]
 [912. 520.]]
occupied
 [[717. 646.]
 [752. 701.]
 [779. 684.]
 [745. 629.]]
empty
 [[917. 517.]
 [952. 572.]
 [979. 555.]
 [945. 500.]]